0 45
1 51
2 49
3 49
4 49
5 49
6 49
7 49
8 48
9 48
10 48
11 48
12 48
13 48
14 48
15 48
16 48
17 48
18 98
19 62
20 90
21 62
22 62
23 62
24 66
25 62
26 56
27 59
28 62
29 89
30 58
31 98
32 48
33 48
34 48
35 48
36 48
37 48
38 48
39 48
40 48
41 48
42 48
43 48
44 48
45 48
46 48
47 48
48 60
49 81
50 85
51 87
52 87
53 87
54 87
55 87
56 86
57 84
58 76
59 48
60 48
61 48
62 48
63 48
64 48
65 48
66 48
67 48
68 48
69 48
70 48
71 48
72 48
73 48
74 61
75 64
76 65
77 66
78 73
79 66
80 50
81 48
82 48
83 48
84 48
85 48
86 48
87 48
88 48
89 48
90 48
91 48
92 48
93 48
94 48
95 48
96 48
97 48
98 52
99 54
100 55
101 57
102 62
103 59
104 48
105 48
106 48
107 48
108 48
109 48
110 48
111 48
112 48
113 48
114 48
115 48
116 48
117 48
118 48
119 48
120 48
121 49
122 58
123 59
124 51
125 50
126 63
127 63
128 50
129 48
130 48
131 48
132 48
133 48
134 48
135 48
136 48
137 48
138 48
139 48
140 48
141 48
142 48
143 48
144 48
145 48
146 56
147 62
148 56
149 56
150 57
151 60
152 51
153 48
154 48
155 48
156 48
157 48
158 48
159 48
160 48
161 48
162 48
163 48
164 48
165 48
166 48
167 48
168 48
169 48
170 48
171 48
172 48
173 48
174 48
175 48
176 49
177 48
178 48
179 48
180 49
181 49
182 49
183 49
184 49
185 49
186 49
187 49
188 49
189 49
190 49
191 49
192 49
193 49
194 49
195 49
196 49
197 49
198 49
199 49
200 49
201 49
202 49
203 49
204 49
205 49
206 49
207 49
208 48
209 48
210 48
211 48
212 48
213 48
214 48
215 48
216 48
217 48
218 48
219 48
220 48
221 48
222 48
223 48
224 48
225 48
226 48
227 48
228 48
229 48
230 48
231 48
232 49
233 48
234 48
235 48
236 49
237 49
238 49
239 49
240 49
241 49
242 49
243 49
244 49
245 49
246 49
247 49
248 49
249 49
250 49
251 49
252 49
253 49
254 49
255 49
256 49
257 49
258 49
259 49
260 49
261 49
262 49
263 49
264 49
265 49
266 48
267 49
268 49
269 49
270 49
271 48
272 49
273 49
274 48
275 48
276 48
277 48
278 48
279 49
280 49
281 49
282 49
283 49
284 49
285 49
286 49
287 48
288 48
289 48
290 48
291 48
292 48
293 48
294 48
295 48
296 48
297 48
298 48
299 48
300 48
301 48
302 48
303 48
304 48
305 48
306 48
307 48
308 48
309 48
310 48
311 48
312 48
313 48
314 48
315 48
316 48
317 48
318 48
319 48
320 48
321 48
322 48
323 48
324 48
325 48
326 48
327 48
328 48
329 48
330 48
331 48
332 48
333 49
334 49
335 49
336 49
337 49
338 49
339 49
340 49
341 49
342 48
343 48
344 48
345 48
346 48
347 48
348 48
349 48
350 48
351 48
352 48
353 48
354 48
355 48
356 48
357 48
358 48
359 48
360 48
361 48
362 48
363 48
364 48
365 48
366 48
367 48
368 48
369 48
370 48
371 48
372 48
373 48
374 48
375 48
376 48
377 48
378 48
379 48
380 48
381 48
382 48
383 48
384 48
385 48
386 48
387 48
388 48
389 48
390 48
391 48
392 48
393 48
394 48
395 48
396 48
397 48
398 48
399 48
400 48
401 48
402 48
403 48
404 48
405 48
406 48
407 47
408 48
409 48
410 48
411 48
412 48
413 48
414 48
415 48
416 48
417 48
418 48
419 48
420 48
421 48
422 48
423 48
424 48
425 47
426 47
427 47
428 47
429 47
430 47
431 47
432 47
433 47
434 47
435 47
436 48
437 48
438 48
439 48
440 48
441 48
442 48
443 48
444 48
445 48
446 48
447 48
448 48
449 48
450 48
451 48
452 48
453 48
454 48
455 48
456 48
457 48
458 48
459 48
460 48
461 48
462 48
463 48
464 48
465 48
466 48
467 48
468 48
469 48
470 48
471 48
472 48
473 48
474 48
475 48
476 48
477 48
478 48
479 48
480 48
481 48
482 48
483 48
484 48
485 48
486 48
487 48
488 48
489 48
490 48
491 48
492 48
493 48
494 48
495 48
496 48
497 48
498 48
499 48
500 48
501 48
502 48
503 48
504 48
505 47
506 47
507 47
508 47
509 48
510 48
511 48
512 48
513 48
514 48
515 48
516 47
517 48
518 48
519 48
520 48
521 48
522 48
523 48
524 48
525 48
526 48
527 48
528 48
529 48
530 48
531 48
532 48
533 47
534 47
535 47
536 48
537 48
538 48
539 48
540 47
541 48
542 47
543 47
544 47
545 48
546 47
547 48
548 48
549 47
550 47
551 47
552 47
553 47
554 47
555 47
556 47
557 47
558 47
559 47
560 47
561 47
562 47
563 47
564 47
565 47
566 47
567 47
568 47
569 47
570 47
571 47
572 47
573 47
574 47
575 47
576 47
577 47
578 47
579 47
580 47
581 47
582 47
583 47
584 47
585 47
586 47
587 47
588 47
589 47
590 47
591 47
592 47
593 47
594 47
595 47
596 47
597 47
598 47
599 48
600 48
601 48
602 48
603 47
604 47
605 47
606 47
607 47
608 47
609 47
610 48
611 48
612 48
613 48
614 48
615 48
616 48
617 48
618 47
619 48
620 48
621 48
622 48
623 48
624 48
625 48
626 48
627 48
628 48
629 48
630 48
631 48
632 48
633 48
634 48
635 48
636 48
637 48
638 48
639 48
640 48
641 48
642 48
643 48
644 48
645 48
646 48
647 48
648 48
649 48
650 48
651 48
652 48
653 48
654 48
655 48
656 48
657 48
658 48
659 48
660 48
661 48
662 48
663 48
664 48
665 48
666 48
667 48
668 48
669 48
670 48
671 48
672 48
673 48
674 48
675 48
676 48
677 48
678 48
679 48
680 48
681 48
682 48
683 48
684 48
685 48
686 48
687 48
688 48
689 48
690 48
691 48
692 48
693 48
694 48
695 48
696 48
697 48
698 48
699 48
700 48
701 48
702 48
703 48
704 48
705 48
706 48
707 48
708 48
709 48
710 48
711 48
712 48
713 48
714 48
715 48
716 48
717 48
718 48
719 48
720 48
721 48
722 48
723 48
724 48
725 48
726 48
727 48
728 48
729 48
730 48
731 48
732 48
733 48
734 48
735 48
736 48
737 48
738 48
739 48
740 48
741 48
742 48
743 48
744 48
745 48
746 48
747 48
748 48
749 48
750 48
751 48
752 48
753 48
754 48
755 48
756 48
757 48
758 48
759 48
760 48
761 48
762 48
763 48
764 48
765 48
766 48
767 48
768 48
769 48
770 48
771 48
772 48
773 48
774 48
775 48
776 48
777 48
778 48
779 48
780 48
781 48
782 48
783 48
784 48
785 48
786 48
787 48
788 48
789 48
790 48
791 48
792 48
793 48
794 48
795 48
796 48
797 48
798 48
799 48
800 48
801 48
802 48
803 48
804 48
805 48
806 48
807 48
808 48
809 48
810 48
811 48
812 48
813 48
814 48
815 48
816 48
817 48
818 48
819 48
820 48
821 48
822 48
823 48
824 48
825 48
826 48
827 48
828 48
829 48
830 48
831 48
832 48
833 48
834 48
835 48
836 48
837 49
838 48
839 48
840 49
841 49
842 49
843 49
844 49
845 49
846 49
847 49
848 49
849 49
850 49
851 49
852 49
853 49
854 49
855 49
856 49
857 49
858 49
859 49
860 49
861 49
862 49
863 49
864 49
865 49
866 49
867 49
868 49
869 49
870 49
871 49
872 49
873 49
874 49
875 49
876 49
877 49
878 49
879 49
880 49
881 49
882 49
883 49
884 49
885 49
886 49
887 49
888 49
889 49
890 49
891 49
892 49
893 49
894 49
895 49
896 49
897 49
898 49
899 49
900 49
901 49
902 49
903 49
904 49
905 49
906 49
907 49
908 49
909 49
910 49
911 49
912 49
913 49
914 49
915 49
916 49
917 49
918 49
919 49
920 49
921 49
922 49
923 49
924 49
925 49
926 49
927 49
928 49
929 49
930 49
931 49
932 49
933 49
934 49
935 49
936 49
937 49
938 49
939 49
940 49
941 49
942 49
943 49
944 49
945 49
946 49
947 49
948 49
949 49
950 49
951 49
952 49
953 49
954 49
955 49
956 49
957 49
958 49
959 49
960 49
961 49
962 49
963 49
964 49
965 49
966 49
967 49
968 49
969 49
970 49
971 49
972 49
973 49
974 49
975 49
976 49
977 49
978 49
979 49
980 49
981 49
982 49
983 49
984 49
985 49
986 49
987 49
988 49
989 49
990 49
991 49
992 49
993 49
994 49
995 49
996 49
997 49
998 49
999 49
1000 49
1001 49
1002 49
1003 49
1004 49
1005 49
1006 49
1007 49
1008 49
1009 49
1010 49
1011 49
1012 49
1013 49
1014 49
1015 49
1016 49
1017 49
1018 49
1019 49
1020 49
1021 49
1022 49
1023 49
1024 49
1025 49
1026 49
1027 49
1028 49
1029 49
1030 49
1031 49
1032 49
1033 49
1034 49
1035 49
1036 49
1037 49
1038 49
1039 49
1040 49
1041 49
1042 49
1043 49
1044 49
1045 49
1046 49
1047 49
1048 49
1049 49
1050 49
1051 49
1052 49
1053 49
1054 49
1055 49
1056 49
1057 49
1058 49
1059 49
1060 49
1061 49
1062 49
1063 49
1064 49
1065 49
1066 49
1067 49
1068 49
1069 49
1070 49
1071 49
1072 49
1073 49
1074 49
1075 49
1076 49
1077 49
1078 49
1079 49
1080 49
1081 49
1082 49
1083 49
1084 49
1085 49
1086 49
1087 49
1088 49
1089 49
1090 49
1091 49
1092 49
1093 49
1094 49
1095 49
1096 49
1097 49
1098 49
1099 49
1100 49
1101 49
1102 49
1103 49
1104 49
1105 49
1106 49
1107 49
1108 49
1109 49
1110 49
1111 49
1112 49
1113 49
1114 49
1115 49
1116 49
1117 49
1118 49
1119 49
1120 49
1121 49
1122 49
1123 49
1124 49
1125 49
1126 49
1127 49
1128 49
1129 49
1130 49
1131 49
1132 49
1133 49
1134 49
1135 49
1136 49
1137 49
1138 49
1139 49
1140 49
1141 49
1142 49
1143 49
1144 49
1145 49
1146 49
1147 49
1148 49
1149 49
1150 49
1151 49
1152 49
1153 49
1154 49
1155 49
1156 49
1157 49
1158 49
1159 49
1160 49
1161 49
1162 49
1163 49
1164 49
1165 49
1166 49
1167 49
1168 49
1169 49
1170 49
1171 49
1172 49
1173 49
1174 49
1175 49
1176 49
1177 49
1178 49
1179 49
1180 49
1181 49
1182 49
1183 49
1184 49
1185 49
1186 49
1187 49
1188 49
1189 49
1190 49
1191 49
1192 49
1193 49
1194 49
1195 49
1196 49
1197 49
1198 49
1199 49
1200 49
1201 49
1202 49
1203 50
1204 50
1205 50
1206 50
1207 50
1208 50
1209 50
1210 50
1211 50
1212 50
1213 50
1214 50
1215 50
1216 50
1217 49
1218 49
1219 49
1220 49
1221 49
1222 49
1223 49
1224 49
1225 49
1226 49
1227 49
1228 49
1229 49
1230 49
1231 49
1232 49
1233 49
1234 49
1235 49
1236 49
1237 49
1238 49
1239 49
1240 49
1241 49
1242 49
1243 49
1244 49
1245 49
1246 49
1247 49
1248 49
1249 50
1250 49
1251 49
1252 49
1253 49
1254 50
1255 50
1256 50
1257 50
1258 50
1259 49
1260 50
1261 50
1262 50
1263 49
1264 50
1265 50
1266 50
1267 50
1268 50
1269 50
1270 50
1271 50
1272 50
1273 50
1274 50
1275 50
1276 50
1277 50
1278 50
1279 50
1280 50
1281 50
1282 50
1283 50
1284 50
1285 50
1286 50
1287 50
1288 50
1289 50
1290 50
1291 50
1292 50
1293 50
1294 50
1295 50
1296 50
1297 50
1298 50
1299 50
1300 50
1301 50
1302 50
1303 50
1304 50
1305 50
1306 50
1307 50
1308 50
1309 50
1310 50
1311 49
1312 49
1313 49
1314 49
1315 50
1316 50
1317 50
1318 50
1319 50
1320 50
1321 49
1322 49
1323 49
1324 49
1325 49
1326 49
1327 49
1328 49
1329 49
1330 49
1331 49
1332 49
1333 49
1334 49
1335 49
1336 49
1337 49
1338 49
1339 49
1340 49
1341 49
1342 49
1343 49
1344 49
1345 49
1346 49
1347 49
1348 49
1349 49
1350 49
1351 49
1352 49
1353 49
1354 49
1355 49
1356 49
1357 49
1358 49
1359 49
1360 49
1361 49
1362 49
1363 49
1364 49
1365 49
1366 49
1367 49
1368 49
1369 49
1370 49
1371 49
1372 49
1373 49
1374 49
1375 49
1376 49
1377 49
1378 49
1379 49
1380 49
1381 49
1382 49
1383 49
1384 49
1385 49
1386 49
1387 49
1388 49
1389 49
1390 49
1391 49
1392 49
1393 49
1394 49
1395 49
1396 49
1397 49
1398 49
1399 49
1400 49
1401 49
1402 49
1403 49
1404 49
1405 49
1406 49
1407 49
1408 49
1409 49
1410 49
1411 49
1412 49
1413 49
1414 49
1415 49
1416 49
1417 49
1418 49
1419 49
1420 49
1421 49
1422 49
1423 49
1424 49
1425 49
1426 49
1427 49
1428 49
1429 49
1430 49
1431 49
1432 49
1433 49
1434 49
1435 49
1436 49
1437 49
1438 49
1439 49
1440 49
1441 49
1442 49
1443 49
1444 49
1445 49
1446 49
1447 49
1448 49
1449 49
1450 49
1451 49
1452 49
1453 49
1454 49
1455 49
1456 49
1457 49
1458 49
1459 49
1460 49
1461 49
1462 49
1463 49
1464 49
1465 49
1466 49
1467 49
1468 49
1469 49
1470 49
1471 49
1472 49
1473 49
1474 49
1475 49
1476 49
1477 49
1478 49
1479 49
1480 49
1481 49
1482 49
1483 49
1484 49
1485 49
1486 49
1487 49
1488 49
1489 49
1490 49
1491 49
1492 49
1493 49
1494 49
1495 49
1496 49
1497 49
1498 49
1499 50
1500 49
1501 49
1502 50
1503 49
1504 49
1505 49
1506 50
1507 50
1508 50
1509 50
1510 50
1511 49
1512 49
1513 50
1514 50
1515 50
1516 49
1517 49
1518 50
1519 49
1520 50
1521 49
1522 49
1523 49
1524 50
1525 50
1526 50
1527 50
1528 50
1529 50
1530 50
1531 50
1532 50
1533 50
1534 50
1535 50
1536 50
1537 50
1538 50
1539 50
1540 50
1541 50
1542 50
1543 50
1544 50
1545 50
1546 50
1547 50
1548 50
1549 50
1550 50
1551 50
1552 50
1553 50
1554 50
1555 50
1556 50
1557 50
1558 50
1559 50
1560 50
1561 50
1562 50
1563 50
1564 50
1565 50
1566 50
1567 50
1568 50
1569 50
1570 50
1571 50
1572 50
1573 50
1574 50
1575 50
1576 50
1577 50
1578 50
1579 50
1580 50
1581 50
1582 50
1583 50
1584 50
1585 50
1586 50
1587 50
1588 50
1589 50
1590 50
1591 50
1592 50
1593 50
1594 50
1595 49
1596 50
1597 50
1598 49
1599 50
1600 49
1601 49
1602 49
1603 50
1604 50
1605 50
1606 50
1607 50
1608 50
1609 50
1610 50
1611 50
1612 50
1613 50
1614 50
1615 50
1616 50
1617 50
1618 50
1619 50
1620 50
1621 50
1622 50
1623 49
1624 50
1625 50
1626 49
1627 49
1628 50
1629 50
1630 50
1631 50
1632 50
1633 50
1634 50
1635 50
1636 50
1637 50
1638 49
1639 50
1640 50
1641 50
1642 50
1643 50
1644 50
1645 50
1646 50
1647 50
1648 50
1649 50
1650 50
1651 49
1652 50
1653 50
1654 50
1655 49
1656 49
1657 49
1658 49
1659 49
1660 49
1661 49
1662 49
1663 49
1664 49
1665 49
1666 49
1667 49
1668 49
1669 49
1670 49
1671 49
1672 49
1673 49
1674 49
1675 49
1676 49
1677 49
1678 49
1679 49
1680 49
1681 49
1682 49
1683 49
1684 49
1685 49
1686 49
1687 49
1688 49
1689 49
1690 49
1691 49
1692 49
1693 49
1694 49
1695 49
1696 49
1697 49
1698 49
1699 49
1700 49
1701 49
1702 48
1703 48
1704 48
1705 48
1706 48
1707 48
1708 48
1709 48
1710 48
1711 48
1712 48
1713 48
1714 48
1715 48
1716 48
1717 48
1718 48
1719 48
1720 48
1721 48
1722 48
1723 48
1724 48
1725 48
1726 48
1727 48
1728 48
1729 48
1730 48
1731 48
1732 48
1733 48
1734 48
1735 48
1736 48
1737 48
1738 48
1739 49
1740 49
1741 49
1742 48
1743 48
1744 48
1745 48
1746 48
1747 48
1748 48
1749 48
1750 48
1751 48
1752 48
1753 48
1754 48
1755 48
1756 49
1757 49
1758 49
1759 49
1760 49
1761 49
1762 49
1763 49
1764 49
1765 49
1766 49
1767 49
1768 49
1769 49
1770 49
1771 49
1772 49
1773 49
1774 49
1775 48
1776 49
1777 48
1778 49
1779 48
1780 49
1781 49
1782 48
1783 49
1784 49
1785 49
1786 49
1787 48
1788 49
1789 49
1790 49
1791 49
1792 49
1793 49
1794 49
1795 48
1796 48
1797 49
1798 49
1799 49
1800 49
1801 49
1802 49
1803 49
1804 49
1805 49
1806 48
1807 49
1808 49
1809 48
1810 48
1811 48
1812 48
1813 49
1814 49
1815 49
1816 48
1817 48
1818 48
1819 48
1820 48
1821 48
1822 48
1823 48
1824 48
1825 48
1826 48
1827 48
1828 48
1829 48
1830 48
1831 48
1832 48
1833 48
1834 48
1835 48
1836 48
1837 49
1838 48
1839 49
1840 49
1841 49
1842 49
1843 49
1844 49
1845 48
1846 48
1847 48
1848 48
1849 48
1850 48
1851 48
1852 48
1853 48
1854 48
1855 48
1856 48
1857 48
1858 48
1859 48
1860 48
1861 48
1862 48
1863 48
1864 48
1865 49
1866 49
1867 49
1868 49
1869 49
1870 49
1871 49
1872 49
1873 49
1874 49
1875 49
1876 49
1877 49
1878 49
1879 49
1880 49
1881 49
1882 49
1883 49
1884 49
1885 49
1886 49
1887 49
1888 49
1889 49
1890 49
1891 49
1892 49
1893 49
1894 49
1895 49
1896 49
1897 49
1898 49
1899 49
1900 49
1901 49
1902 49
1903 49
1904 49
1905 49
1906 49
1907 49
1908 49
1909 49
1910 49
1911 49
1912 49
1913 49
1914 49
1915 49
1916 49
1917 49
1918 49
1919 49
1920 49
1921 49
1922 49
1923 49
1924 49
1925 49
1926 49
1927 49
1928 49
1929 49
1930 49
1931 49
1932 49
1933 49
1934 49
1935 49
1936 49
1937 49
1938 49
1939 49
1940 49
1941 49
1942 49
1943 49
1944 49
1945 49
1946 49
1947 49
1948 49
1949 49
1950 49
1951 49
1952 49
1953 49
1954 49
1955 49
1956 49
1957 49
1958 49
1959 49
1960 49
1961 49
1962 49
1963 49
1964 49
1965 49
1966 49
1967 49
1968 49
1969 49
1970 49
1971 49
1972 49
1973 49
1974 49
1975 49
1976 49
1977 49
1978 49
1979 49
1980 49
1981 49
1982 49
1983 49
1984 49
1985 49
1986 49
1987 49
1988 49
1989 49
1990 49
1991 49
1992 49
1993 49
1994 49
1995 49
1996 49
1997 49
1998 49
1999 49
2000 49
2001 49
2002 49
2003 49
2004 49
2005 49
2006 49
2007 49
2008 49
2009 49
2010 49
2011 49
2012 49
2013 49
2014 49
2015 49
2016 49
2017 49
2018 49
2019 49
2020 48
2021 48
2022 49
2023 49
2024 49
2025 49
2026 49
2027 49
2028 49
2029 48
2030 48
2031 48
2032 48
2033 48
2034 48
2035 48
2036 48
2037 48
2038 48
2039 48
2040 48
2041 48
2042 48
2043 48
2044 48
2045 48
2046 48
2047 48
2048 48
2049 48
2050 48
2051 48
2052 48
2053 48
2054 48
2055 48
2056 48
2057 48
2058 48
2059 48
2060 48
2061 48
2062 48
2063 48
2064 48
2065 48
2066 48
2067 48
2068 48
2069 48
2070 48
2071 48
2072 48
2073 48
2074 48
2075 48
2076 48
2077 48
2078 48
2079 48
2080 48
2081 48
2082 48
2083 48
2084 48
2085 48
2086 48
2087 48
2088 48
2089 48
2090 48
2091 48
2092 48
2093 48
2094 48
2095 48
2096 48
2097 48
2098 48
2099 48
2100 48
2101 48
2102 48
2103 48
2104 48
2105 48
2106 48
2107 48
2108 48
2109 48
2110 48
2111 48
2112 48
2113 48
2114 49
2115 49
2116 49
2117 49
2118 49
2119 49
2120 49
2121 49
2122 49
2123 49
2124 49
2125 49
2126 49
2127 49
2128 49
2129 49
2130 49
2131 49
2132 49
2133 49
2134 48
2135 48
2136 48
2137 48
2138 49
2139 49
2140 49
2141 49
2142 49
2143 50
2144 50
2145 50
2146 50
2147 51
2148 51
2149 51
2150 51
2151 50
2152 49
2153 49
2154 49
2155 49
2156 49
2157 49
2158 49
2159 49
2160 49
2161 49
2162 49
2163 49
2164 49
2165 49
2166 49
2167 49
2168 49
2169 49
2170 49
2171 49
2172 49
2173 49
2174 49
2175 49
2176 49
2177 49
2178 49
2179 49
2180 49
2181 49
2182 49
2183 49
2184 49
2185 49
2186 49
2187 49
2188 49
2189 49
2190 49
2191 49
2192 49
2193 49
2194 49
2195 49
2196 49
2197 49
2198 49
2199 50
2200 51
2201 51
2202 51
2203 51
2204 51
2205 51
2206 51
2207 51
2208 51
2209 51
2210 51
2211 51
2212 51
2213 51
2214 51
2215 51
2216 50
2217 49
2218 49
2219 49
2220 49
2221 49
2222 49
2223 49
2224 49
2225 49
2226 49
2227 49
2228 49
2229 49
2230 49
2231 49
2232 50
2233 50
2234 50
2235 50
2236 50
2237 50
2238 50
2239 50
2240 51
2241 51
2242 51
2243 51
2244 52
2245 52
2246 53
2247 54
2248 54
2249 53
2250 53
2251 53
2252 53
2253 53
2254 53
2255 53
2256 53
2257 53
2258 53
2259 54
2260 55
2261 55
2262 55
2263 55
2264 55
2265 55
2266 55
2267 56
2268 56
2269 56
2270 56
2271 56
2272 56
2273 56
2274 55
2275 55
2276 55
2277 55
2278 55
2279 54
2280 54
2281 54
2282 54
2283 54
2284 54
2285 54
2286 54
2287 54
2288 54
2289 54
2290 54
2291 54
2292 54
2293 54
2294 54
2295 54
2296 55
2297 54
2298 54
2299 54
2300 54
2301 54
2302 54
2303 54
2304 54
2305 55
2306 54
2307 54
2308 54
2309 55
2310 54
2311 54
2312 54
2313 54
2314 54
2315 54
2316 54
2317 54
2318 54
2319 54
2320 54
2321 54
2322 54
2323 54
2324 54
2325 54
2326 53
2327 54
2328 54
2329 54
2330 54
2331 54
2332 54
2333 54
2334 54
2335 54
2336 54
2337 54
2338 53
2339 48
2340 44
2341 47
2342 54
2343 57
2344 55
2345 55
2346 53
2347 49
2348 49
2349 48
2350 49
2351 49
2352 49
2353 49
2354 49
2355 49
2356 49
2357 50
2358 53
2359 54
2360 54
2361 54
2362 53
2363 53
2364 53
2365 53
2366 53
2367 53
2368 54
2369 54
2370 54
2371 54
2372 55
2373 55
2374 55
2375 50
2376 48
2377 49
2378 49
2379 49
2380 49
2381 49
2382 49
2383 49
2384 49
2385 49
2386 49
2387 49
2388 49
2389 49
2390 49
2391 49
2392 49
2393 49
2394 49
2395 49
2396 49
2397 49
2398 49
2399 49
2400 49
2401 50
2402 50
2403 52
2404 54
2405 54
2406 54
2407 55
2408 54
2409 50
2410 49
2411 49
2412 49
2413 49
2414 49
2415 49
2416 49
2417 49
2418 49
2419 50
2420 50
2421 50
2422 50
2423 50
2424 50
2425 50
2426 50
2427 50
2428 50
2429 50
2430 50
2431 50
2432 50
2433 50
2434 50
2435 50
2436 50
2437 50
2438 50
2439 50
2440 50
2441 50
2442 50
2443 50
2444 50
2445 50
2446 50
2447 50
2448 50
2449 50
2450 50
2451 50
2452 50
2453 50
2454 50
2455 50
2456 50
2457 50
2458 50
2459 50
2460 50
2461 50
2462 50
2463 50
2464 50
2465 50
2466 50
2467 50
2468 50
2469 50
2470 50
2471 50
2472 50
2473 50
2474 50
2475 50
2476 50
2477 50
2478 50
2479 50
2480 50
2481 50
2482 50
2483 50
2484 50
2485 50
2486 50
2487 50
2488 50
2489 50
2490 50
2491 50
2492 50
2493 50
2494 50
2495 50
2496 50
2497 50
2498 50
2499 50
2500 50
2501 50
2502 50
2503 52
2504 55
2505 55
2506 76
2507 84
2508 55
2509 55
2510 53
2511 50
2512 84
2513 76
2514 55
2515 55
2516 65
2517 76
2518 51
2519 50
2520 69
2521 72
2522 56
2523 55
2524 63
2525 80
2526 58
2527 50
2528 58
2529 67
2530 80
2531 62
2532 60
2533 56
2534 59
2535 52
2536 51
2537 66
2538 68
2539 66
2540 66
2541 69
2542 61
2543 50
2544 54
2545 73
2546 66
2547 60
2548 60
2549 71
2550 91
2551 53
2552 52
2553 66
2554 67
2555 65
2556 65
2557 72
2558 68
2559 55
2560 52
2561 64
2562 71
2563 71
2564 65
2565 68
2566 67
2567 55
2568 50
2569 50
2570 50
2571 50
2572 50
2573 50
2574 50
2575 50
2576 50
2577 58
2578 81
2579 67
2580 68
2581 66
2582 73
2583 77
2584 52
2585 50
2586 59
2587 61
2588 73
2589 91
2590 56
2591 56
2592 51
2593 50
2594 50
2595 50
2596 57
2597 66
2598 53
2599 50
2600 50
2601 50
2602 72
2603 77
2604 66
2605 68
2606 66
2607 81
2608 63
2609 50
2610 53
2611 79
2612 71
2613 65
2614 66
2615 74
2616 66
2617 50
2618 50
2619 50
2620 50
2621 50
2622 50
2623 50
2624 50
2625 50
2626 50
2627 50
2628 50
2629 50
2630 50
2631 50
2632 50
2633 50
2634 54
2635 81
2636 61
2637 60
2638 61
2639 81
2640 56
2641 58
2642 72
2643 60
2644 58
2645 60
2646 72
2647 58
2648 56
2649 81
2650 59
2651 58
2652 65
2653 72
2654 55
2655 50
2656 51
2657 51
2658 51
2659 51
2660 51
2661 51
2662 51
2663 51
2664 51
2665 51
2666 51
2667 51
2668 51
2669 62
2670 60
2671 60
2672 60
2673 58
2674 58
2675 58
2676 59
2677 62
2678 58
2679 60
2680 64
2681 52
2682 51
2683 51
2684 51
2685 51
2686 51
2687 51
2688 51
2689 51
2690 51
2691 51
2692 51
2693 51
2694 51
2695 51
2696 51
2697 51
2698 51
2699 51
2700 51
2701 51
2702 51
2703 51
2704 51
2705 51
2706 51
2707 51
2708 51
2709 51
2710 51
2711 51
2712 51
2713 51
2714 51
2715 51
2716 51
2717 51
2718 51
2719 51
2720 51
2721 51
2722 51
2723 51
2724 51
2725 51
2726 51
2727 51
2728 51
2729 51
2730 51
2731 51
2732 51
2733 51
2734 51
2735 51
2736 51
2737 51
2738 51
2739 51
2740 51
2741 51
2742 51
2743 51
2744 51
2745 51
2746 51
2747 51
2748 51
2749 51
2750 51
2751 51
2752 51
2753 51
2754 51
2755 51
2756 51
2757 51
2758 51
2759 51
2760 51
2761 51
2762 51
2763 51
2764 51
2765 51
2766 51
2767 51
2768 51
2769 51
2770 51
2771 51
2772 51
2773 51
2774 51
2775 51
2776 51
2777 51
2778 51
2779 51
2780 51
2781 51
2782 51
2783 51
2784 51
2785 51
2786 51
2787 51
2788 51
2789 51
2790 51
2791 51
2792 51
2793 51
2794 51
2795 51
2796 51
2797 51
2798 51
2799 51
2800 51
2801 51
2802 51
2803 51
2804 51
2805 51
2806 51
2807 51
2808 51
2809 51
2810 51
2811 51
2812 51
2813 51
2814 51
2815 51
2816 51
2817 51
2818 51
2819 51
2820 51
2821 51
2822 51
2823 51
2824 51
2825 51
2826 51
2827 51
2828 51
2829 51
2830 51
2831 51
2832 51
2833 51
2834 51
2835 51
2836 51
2837 51
2838 51
2839 51
2840 51
2841 51
2842 51
2843 51
2844 51
2845 51
2846 51
2847 51
2848 51
2849 51
2850 51
2851 51
2852 51
2853 51
2854 51
2855 51
2856 51
2857 51
2858 51
2859 51
2860 51
2861 51
2862 51
2863 51
2864 51
2865 51
2866 51
2867 51
2868 51
2869 51
2870 51
2871 51
2872 51
2873 51
2874 51
2875 51
2876 51
2877 51
2878 51
2879 51
2880 51
2881 51
2882 51
2883 51
2884 51
2885 51
2886 51
2887 51
2888 51
2889 51
2890 51
2891 51
2892 51
2893 51
2894 51
2895 51
2896 51
2897 51
2898 51
2899 51
2900 51
2901 51
2902 51
2903 51
2904 51
2905 51
2906 51
2907 51
2908 51
2909 51
2910 51
2911 51
2912 51
2913 51
2914 51
2915 51
2916 51
2917 51
2918 51
2919 51
2920 51
2921 51
2922 51
2923 51
2924 51
2925 51
2926 51
2927 51
2928 51
2929 51
2930 51
2931 51
2932 51
2933 51
2934 51
2935 51
2936 51
2937 51
2938 51
2939 51
2940 51
2941 51
2942 51
2943 51
2944 51
2945 51
2946 51
2947 51
2948 52
2949 52
2950 52
2951 52
2952 52
2953 52
2954 52
2955 52
2956 52
2957 52
2958 52
2959 52
2960 52
2961 52
2962 52
2963 52
2964 52
2965 52
2966 52
2967 52
2968 52
2969 52
2970 52
2971 52
2972 52
2973 52
2974 52
2975 52
2976 52
2977 52
2978 52
2979 52
2980 52
2981 52
2982 52
2983 52
2984 52
2985 52
2986 52
2987 52
2988 51
2989 51
2990 51
2991 51
2992 51
2993 51
2994 51
2995 51
2996 51
2997 51
2998 51
2999 51
3000 51
3001 51
3002 51
3003 51
3004 52
3005 52
3006 52
3007 51
3008 51
3009 51
3010 51
3011 51
3012 51
3013 51
3014 51
3015 51
3016 52
3017 52
3018 51
3019 52
3020 52
3021 52
3022 52
3023 52
3024 52
3025 52
3026 52
3027 52
3028 52
3029 52
3030 52
3031 52
3032 52
3033 52
3034 52
3035 52
3036 52
3037 52
3038 52
3039 52
3040 52
3041 52
3042 52
3043 52
3044 51
3045 51
3046 51
3047 51
3048 52
3049 52
3050 52
3051 52
3052 52
3053 52
3054 52
3055 52
3056 52
3057 52
3058 52
3059 52
3060 52
3061 52
3062 52
3063 52
3064 52
3065 52
3066 52
3067 52
3068 52
3069 52
3070 52
3071 52
3072 52
3073 52
3074 52
3075 52
3076 52
3077 52
3078 52
3079 52
3080 52
3081 52
3082 51
3083 52
3084 52
3085 52
3086 52
3087 52
3088 52
3089 52
3090 52
3091 52
3092 52
3093 52
3094 52
3095 52
3096 52
3097 52
3098 52
3099 52
3100 52
3101 52
3102 52
3103 52
3104 52
3105 52
3106 52
3107 52
3108 52
3109 52
3110 52
3111 52
3112 52
3113 52
3114 52
3115 52
3116 52
3117 52
3118 52
3119 52
3120 52
3121 52
3122 52
3123 52
3124 52
3125 52
3126 52
3127 52
3128 52
3129 52
3130 52
3131 52
3132 52
3133 52
3134 52
3135 52
3136 52
3137 52
3138 52
3139 52
3140 52
3141 52
3142 52
3143 52
3144 52
3145 52
3146 52
3147 52
3148 52
3149 52
3150 52
3151 52
3152 52
3153 52
3154 52
3155 52
3156 52
3157 52
3158 52
3159 52
3160 52
3161 52
3162 52
3163 52
3164 52
3165 52
3166 52
3167 52
3168 52
3169 52
3170 52
3171 52
3172 52
3173 52
3174 52
3175 52
3176 52
3177 52
3178 52
3179 52
3180 52
3181 52
3182 52
3183 52
3184 52
3185 52
3186 52
3187 52
3188 52
3189 52
3190 52
3191 52
3192 52
3193 52
3194 52
3195 52
3196 52
3197 52
3198 52
3199 52
3200 52
3201 52
3202 52
3203 52
3204 52
3205 52
3206 52
3207 52
3208 52
3209 52
3210 52
3211 52
3212 52
3213 52
3214 52
3215 52
3216 52
3217 52
3218 52
3219 52
3220 52
3221 52
3222 52
3223 52
3224 52
3225 52
3226 52
3227 52
3228 52
3229 52
3230 52
3231 52
3232 52
3233 52
3234 52
3235 52
3236 52
3237 52
3238 52
3239 52
3240 52
3241 52
3242 52
3243 52
3244 52
3245 52
3246 52
3247 52
3248 52
3249 52
3250 52
3251 52
3252 52
3253 52
3254 52
3255 52
3256 52
3257 52
3258 52
3259 52
3260 52
3261 52
3262 52
3263 52
3264 52
3265 52
3266 52
3267 52
3268 52
3269 52
3270 52
3271 52
3272 52
3273 52
3274 52
3275 52
3276 52
3277 52
3278 52
3279 52
3280 52
3281 52
3282 52
3283 52
3284 52
3285 52
3286 52
3287 52
3288 52
3289 52
3290 52
3291 52
3292 52
3293 52
3294 52
3295 52
3296 52
3297 52
3298 52
3299 52
3300 52
3301 52
3302 52
3303 52
3304 52
3305 52
3306 52
3307 52
3308 52
3309 52
3310 52
3311 52
3312 52
3313 52
3314 52
3315 52
3316 52
3317 52
3318 52
3319 52
3320 52
3321 52
3322 52
3323 52
3324 52
3325 52
3326 52
3327 52
3328 52
3329 52
3330 53
3331 53
3332 53
3333 53
3334 53
3335 53
3336 53
3337 53
3338 53
3339 53
3340 53
3341 53
3342 53
3343 53
3344 53
3345 53
3346 53
3347 53
3348 52
3349 52
3350 52
3351 52
3352 53
3353 53
3354 53
3355 53
3356 54
3357 54
3358 53
3359 53
3360 53
3361 53
3362 53
3363 54
3364 54
3365 54
3366 54
3367 54
3368 54
3369 54
3370 54
3371 54
3372 54
3373 54
3374 54
3375 54
3376 54
3377 54
3378 54
3379 54
3380 54
3381 54
3382 54
3383 55
3384 55
3385 55
3386 55
3387 55
3388 55
3389 55
3390 55
3391 55
3392 55
3393 55
3394 55
3395 55
3396 55
3397 55
3398 55
3399 55
3400 55
3401 55
3402 55
3403 55
3404 55
3405 55
3406 55
3407 55
3408 55
3409 55
3410 55
3411 55
3412 55
3413 55
3414 55
3415 55
3416 55
3417 55
3418 55
3419 55
3420 55
3421 55
3422 55
3423 55
3424 55
3425 55
3426 55
3427 55
3428 55
3429 55
3430 55
3431 55
3432 55
3433 55
3434 55
3435 55
3436 55
3437 55
3438 55
3439 55
3440 55
3441 55
3442 54
3443 55
3444 55
3445 55
3446 55
3447 55
3448 55
3449 55
3450 55
3451 55
3452 55
3453 55
3454 55
3455 55
3456 55
3457 55
3458 55
3459 55
3460 54
3461 54
3462 54
3463 53
3464 53
3465 53
3466 53
3467 53
3468 53
3469 53
3470 53
3471 52
3472 52
3473 52
3474 52
3475 52
3476 52
3477 52
3478 52
3479 51
3480 51
3481 51
3482 51
3483 52
3484 52
3485 52
3486 52
3487 52
3488 52
3489 52
3490 52
3491 52
3492 52
3493 52
3494 52
3495 52
3496 52
3497 52
3498 52
3499 52
3500 52
3501 52
3502 52
3503 52
3504 52
3505 52
3506 52
3507 52
3508 52
3509 52
3510 52
3511 52
3512 52
3513 52
3514 52
3515 52
3516 52
3517 52
3518 52
3519 52
3520 52
3521 52
3522 52
3523 52
3524 52
3525 52
3526 52
3527 52
3528 52
3529 52
3530 52
3531 52
3532 52
3533 52
3534 52
3535 52
3536 52
3537 52
3538 52
3539 52
3540 52
3541 52
3542 52
3543 52
3544 52
3545 52
3546 52
3547 52
3548 52
3549 52
3550 52
3551 52
3552 52
3553 52
3554 52
3555 52
3556 52
3557 52
3558 52
3559 52
3560 52
3561 52
3562 52
3563 52
3564 52
3565 52
3566 52
3567 52
3568 52
3569 52
3570 52
3571 52
3572 52
3573 52
3574 52
3575 52
3576 52
3577 52
3578 52
3579 52
3580 52
3581 52
3582 52
3583 52
3584 52
3585 52
3586 52
3587 52
3588 52
3589 52
3590 52
3591 52
3592 52
3593 52
3594 52
3595 52
3596 52
3597 52
3598 52
3599 52
3600 52
3601 52
3602 52
3603 52
3604 52
3605 52
3606 52
3607 52
3608 52
3609 52
3610 52
3611 52
3612 52
3613 52
3614 52
3615 52
3616 52
3617 52
3618 52
3619 52
3620 52
3621 52
3622 53
3623 53
3624 53
3625 52
3626 53
3627 53
3628 52
3629 53
3630 53
3631 53
3632 53
3633 53
3634 53
3635 53
3636 53
3637 53
3638 53
3639 53
3640 54
3641 53
3642 53
3643 53
3644 53
3645 53
3646 53
3647 53
3648 53
3649 54
3650 53
3651 53
3652 53
3653 53
3654 53
3655 54
3656 53
3657 54
3658 54
3659 54
3660 53
3661 54
3662 54
3663 53
3664 53
3665 53
3666 53
3667 53
3668 53
3669 53
3670 53
3671 53
3672 54
3673 54
3674 54
3675 54
3676 53
3677 53
3678 54
3679 54
3680 54
3681 54
3682 53
3683 53
3684 54
3685 54
3686 54
3687 53
3688 54
3689 54
3690 54
3691 53
3692 54
3693 53
3694 53
3695 53
3696 53
3697 53
3698 53
3699 53
3700 54
3701 53
3702 53
3703 53
3704 53
3705 53
3706 53
3707 53
3708 53
3709 54
3710 53
3711 53
3712 53
3713 54
3714 54
3715 54
3716 54
3717 53
3718 54
3719 54
3720 54
3721 54
3722 54
3723 54
3724 54
3725 54
3726 54
3727 54
3728 54
3729 54
3730 54
3731 53
3732 53
3733 54
3734 54
3735 54
3736 54
3737 53
3738 54
3739 54
3740 54
3741 53
3742 54
3743 54
3744 53
3745 53
3746 53
3747 54
3748 54
3749 54
3750 54
3751 54
3752 53
3753 54
3754 54
3755 53
3756 53
3757 53
3758 53
3759 53
3760 53
3761 53
3762 53
3763 53
3764 53
3765 54
3766 53
3767 53
3768 53
3769 54
3770 53
3771 53
3772 53
3773 54
3774 54
3775 54
3776 54
3777 54
3778 54
3779 54
3780 54
3781 54
3782 54
3783 53
3784 54
3785 53
3786 53
3787 54
3788 53
3789 53
3790 53
3791 53
3792 53
3793 53
3794 53
3795 54
3796 54
3797 53
3798 54
3799 54
3800 53
3801 54
3802 53
3803 54
3804 53
3805 54
3806 53
3807 53
3808 54
3809 54
3810 53
3811 53
3812 53
3813 53
3814 53
3815 53
3816 53
3817 54
3818 53
3819 53
3820 53
3821 53
3822 53
3823 53
3824 53
3825 53
3826 53
3827 53
3828 53
3829 53
3830 53
3831 53
3832 53
3833 53
3834 53
3835 53
3836 53
3837 53
3838 53
3839 53
3840 53
3841 53
3842 53
3843 53
3844 53
3845 53
3846 53
3847 53
3848 53
3849 53
3850 53
3851 53
3852 53
3853 53
3854 53
3855 53
3856 53
3857 53
3858 53
3859 53
3860 53
3861 53
3862 53
3863 53
3864 53
3865 53
3866 53
3867 53
3868 53
3869 52
3870 53
3871 53
3872 53
3873 53
3874 53
3875 53
3876 53
3877 53
3878 53
3879 53
3880 53
3881 53
3882 53
3883 53
3884 53
3885 53
3886 53
3887 53
3888 53
3889 53
3890 53
3891 53
3892 53
3893 53
3894 53
3895 53
3896 53
3897 53
3898 53
3899 53
3900 53
3901 53
3902 53
3903 53
3904 53
3905 53
3906 53
3907 53
3908 53
3909 53
3910 53
3911 53
3912 53
3913 53
3914 53
3915 53
3916 53
3917 53
3918 53
3919 52
3920 53
3921 53
3922 53
3923 53
3924 53
3925 53
3926 53
3927 53
3928 53
3929 53
3930 53
3931 53
3932 53
3933 53
3934 53
3935 53
3936 53
3937 53
3938 53
3939 53
3940 53
3941 53
3942 53
3943 53
3944 53
3945 53
3946 53
3947 53
3948 53
3949 53
3950 53
3951 53
3952 53
3953 53
3954 52
3955 53
3956 53
3957 52
3958 53
3959 53
3960 52
3961 53
3962 53
3963 52
3964 52
3965 52
3966 52
3967 52
3968 53
3969 52
3970 52
3971 52
3972 52
3973 53
3974 53
3975 53
3976 52
3977 53
3978 53
3979 53
3980 53
3981 53
3982 53
3983 53
3984 53
3985 53
3986 53
3987 53
3988 53
3989 53
3990 53
3991 53
3992 53
3993 53
3994 52
3995 52
3996 52
3997 52
3998 53
3999 53
4000 52
4001 52
4002 52
4003 52
4004 52
4005 52
4006 52
4007 52
4008 52
4009 52
4010 52
4011 52
4012 52
4013 52
4014 52
4015 52
4016 52
4017 52
4018 52
4019 52
4020 52
4021 52
4022 52
4023 52
4024 52
4025 52
4026 52
4027 52
4028 52
4029 52
4030 52
4031 52
4032 52
4033 52
4034 52
4035 52
4036 52
4037 52
4038 52
4039 52
4040 53
4041 53
4042 52
4043 52
4044 52
4045 52
4046 52
4047 53
4048 53
4049 53
4050 52
4051 52
4052 53
4053 53
4054 53
4055 53
4056 53
4057 53
4058 53
4059 53
4060 52
4061 52
4062 52
4063 52
4064 52
4065 52
4066 52
4067 52
4068 52
4069 52
4070 52
4071 52
4072 52
4073 52
4074 52
4075 52
4076 52
4077 52
4078 52
4079 52
4080 52
4081 52
4082 52
4083 52
4084 52
4085 52
4086 52
4087 53
4088 52
4089 52
4090 52
4091 52
4092 52
4093 52
4094 52
4095 52
4096 53
4097 53
4098 53
4099 53
4100 52
4101 53
4102 53
4103 53
4104 53
4105 53
4106 52
4107 52
4108 53
4109 52
4110 53
4111 53
4112 53
4113 53
4114 53
4115 53
4116 53
4117 53
4118 53
4119 53
4120 53
4121 53
4122 53
4123 53
4124 53
4125 52
4126 52
4127 52
4128 52
4129 52
4130 52
4131 52
4132 52
4133 52
4134 52
4135 52
4136 52
4137 52
4138 52
4139 52
4140 52
4141 52
4142 52
4143 52
4144 52
4145 52
4146 52
4147 52
4148 52
4149 52
4150 52
4151 52
4152 52
4153 52
4154 52
4155 52
4156 52
4157 52
4158 52
4159 52
4160 52
4161 52
4162 52
4163 52
4164 52
4165 52
4166 52
4167 52
4168 52
4169 52
4170 52
4171 52
4172 52
4173 52
4174 52
4175 52
4176 52
4177 52
4178 52
4179 52
4180 52
4181 52
4182 52
4183 52
4184 52
4185 52
4186 52
4187 52
4188 52
4189 52
4190 52
4191 52
4192 52
4193 52
4194 52
4195 52
4196 52
4197 52
4198 52
4199 52
4200 52
4201 52
4202 52
4203 52
4204 52
4205 52
4206 52
4207 52
4208 52
4209 52
4210 52
4211 52
4212 52
4213 52
4214 52
4215 52
4216 52
4217 52
4218 52
4219 52
4220 52
4221 52
4222 52
4223 52
4224 52
4225 52
4226 52
4227 52
4228 52
4229 52
4230 52
4231 52
4232 52
4233 52
4234 52
4235 52
4236 52
4237 52
4238 52
4239 52
4240 52
4241 52
4242 52
4243 52
4244 52
4245 52
4246 52
4247 52
4248 52
4249 52
4250 52
4251 52
4252 52
4253 52
4254 52
4255 52
4256 52
4257 52
4258 52
4259 52
4260 52
4261 52
4262 52
4263 52
4264 52
4265 52
4266 52
4267 52
4268 52
4269 52
4270 52
4271 52
4272 52
4273 52
4274 52
4275 52
4276 52
4277 52
4278 52
4279 52
4280 52
4281 52
4282 52
4283 52
4284 52
4285 52
4286 52
4287 52
4288 52
4289 52
4290 52
4291 52
4292 52
4293 52
4294 52
4295 52
4296 52
4297 52
4298 52
4299 52
4300 52
4301 52
4302 52
4303 52
4304 52
4305 52
4306 52
4307 52
4308 52
4309 52
4310 52
4311 52
4312 52
4313 52
4314 52
4315 52
4316 52
4317 52
4318 52
4319 52
4320 52
4321 52
4322 52
4323 52
4324 52
4325 52
4326 52
4327 52
4328 52
4329 52
4330 52
4331 52
4332 52
4333 52
4334 52
4335 52
4336 52
4337 52
4338 52
4339 52
4340 52
4341 52
4342 52
4343 52
4344 52
4345 52
4346 52
4347 52
4348 52
4349 52
4350 52
4351 52
4352 52
4353 52
4354 52
4355 52
4356 52
4357 52
4358 52
4359 52
4360 52
4361 52
4362 52
4363 52
4364 52
4365 52
4366 52
4367 52
4368 52
4369 52
4370 52
4371 52
4372 52
4373 52
4374 52
4375 52
4376 52
4377 52
4378 52
4379 52
4380 52
4381 52
4382 52
4383 52
4384 52
4385 52
4386 52
4387 52
4388 52
4389 52
4390 52
4391 52
4392 52
4393 52
4394 52
4395 52
4396 52
4397 52
4398 52
4399 52
4400 52
4401 52
4402 52
4403 52
4404 52
4405 52
4406 52
4407 52
4408 52
4409 52
4410 52
4411 52
4412 52
4413 52
4414 52
4415 52
4416 52
4417 52
4418 52
4419 52
4420 52
4421 52
4422 52
4423 52
4424 52
4425 52
4426 52
4427 52
4428 52
4429 52
4430 52
4431 52
4432 52
4433 52
4434 52
4435 52
4436 52
4437 52
4438 52
4439 52
4440 52
4441 52
4442 52
4443 52
4444 52
4445 52
4446 52
4447 52
4448 52
4449 52
4450 52
4451 52
4452 52
4453 52
4454 52
4455 52
4456 52
4457 52
4458 52
4459 52
4460 52
4461 52
4462 52
4463 52
4464 52
4465 52
4466 52
4467 52
4468 52
4469 52
4470 52
4471 52
4472 52
4473 52
4474 52
4475 52
4476 52
4477 52
4478 52
4479 52
4480 52
4481 52
4482 52
4483 52
4484 52
4485 52
4486 52
4487 52
4488 52
4489 52
4490 52
4491 52
4492 52
4493 52
4494 52
4495 52
4496 52
4497 52
4498 52
4499 52
4500 52
4501 52
4502 52
4503 52
4504 52
4505 52
4506 52
4507 52
4508 52
4509 52
4510 52
4511 52
4512 52
4513 52
4514 52
4515 52
4516 52
4517 52
4518 52
4519 52
4520 52
4521 52
4522 52
4523 52
4524 52
4525 52
4526 52
4527 52
4528 52
4529 52
4530 52
4531 52
4532 52
4533 52
4534 52
4535 52
4536 52
4537 52
4538 52
4539 52
4540 52
4541 52
4542 52
4543 52
4544 52
4545 52
4546 52
4547 52
4548 52
4549 52
4550 52
4551 52
4552 52
4553 52
4554 52
4555 52
4556 52
4557 52
4558 52
4559 52
4560 52
4561 52
4562 52
4563 52
4564 52
4565 52
4566 52
4567 52
4568 52
4569 52
4570 52
4571 52
4572 52
4573 52
4574 52
4575 52
4576 52
4577 52
4578 52
4579 52
4580 52
4581 52
4582 52
4583 52
4584 51
4585 51
4586 51
4587 51
4588 52
4589 52
4590 52
4591 52
4592 52
4593 52
4594 52
4595 52
4596 52
4597 52
4598 52
4599 51
4600 51
4601 51
4602 51
4603 51
4604 51
4605 51
4606 51
4607 51
4608 51
4609 51
4610 51
4611 51
4612 51
4613 51
4614 51
4615 51
4616 51
4617 51
4618 51
4619 51
4620 51
4621 51
4622 51
4623 51
4624 51
4625 51
4626 51
4627 51
4628 51
4629 51
4630 51
4631 52
4632 52
4633 52
4634 52
4635 52
4636 52
4637 52
4638 53
4639 53
4640 53
4641 53
4642 53
4643 53
4644 53
4645 53
4646 52
4647 53
4648 53
4649 53
4650 53
4651 53
4652 53
4653 53
4654 53
4655 53
4656 53
4657 53
4658 53
4659 53
4660 53
4661 53
4662 53
4663 53
4664 53
4665 63
4666 72
4667 82
4668 79
4669 79
4670 87
4671 80
4672 80
4673 80
4674 76
4675 63
4676 53
4677 53
4678 53
4679 53
4680 53
4681 53
4682 53
4683 53
4684 53
4685 53
4686 53
4687 60
4688 61
4689 81
4690 65
4691 57
4692 53
4693 56
4694 70
4695 63
4696 57
4697 68
4698 77
4699 55
4700 59
4701 66
4702 65
4703 74
4704 66
4705 67
4706 61
4707 52
4708 52
4709 52
4710 52
4711 52
4712 52
4713 52
4714 52
4715 52
4716 52
4717 52
4718 52
4719 52
4720 74
4721 78
4722 76
4723 71
4724 78
4725 77
4726 73
4727 78
4728 75
4729 75
4730 78
4731 80
4732 61
4733 52
4734 52
4735 52
4736 53
4737 53
4738 53
4739 52
4740 53
4741 53
4742 69
4743 69
4744 64
4745 65
4746 70
4747 55
4748 55
4749 75
4750 64
4751 66
4752 64
4753 75
4754 56
4755 58
4756 66
4757 65
4758 73
4759 66
4760 66
4761 61
4762 52
4763 52
4764 52
4765 52
4766 52
4767 52
4768 52
4769 52
4770 52
4771 52
4772 52
4773 52
4774 52
4775 74
4776 75
4777 75
4778 75
4779 75
4780 75
4781 75
4782 62
4783 70
4784 54
4785 53
4786 53
4787 53
4788 53
4789 53
4790 53
4791 53
4792 53
4793 53
4794 53
4795 53
4796 53
4797 60
4798 61
4799 81
4800 65
4801 57
4802 53
4803 53
4804 61
4805 64
4806 65
4807 71
4808 71
4809 53
4810 59
4811 67
4812 65
4813 74
4814 66
4815 67
4816 62
4817 53
4818 53
4819 53
4820 53
4821 53
4822 53
4823 53
4824 53
4825 53
4826 53
4827 53
4828 53
4829 53
4830 53
4831 53
4832 64
4833 73
4834 83
4835 81
4836 82
4837 89
4838 98
4839 97
4840 86
4841 82
4842 81
4843 82
4844 70
4845 61
4846 53
4847 53
4848 53
4849 53
4850 53
4851 53
4852 53
4853 53
4854 53
4855 53
4856 53
4857 53
4858 53
4859 53
4860 53
4861 53
4862 53
4863 53
4864 53
4865 53
4866 53
4867 56
4868 65
4869 66
4870 66
4871 96
4872 84
4873 77
4874 64
4875 53
4876 52
4877 52
4878 52
4879 52
4880 52
4881 52
4882 52
4883 52
4884 52
4885 52
4886 52
4887 52
4888 52
4889 52
4890 52
4891 52
4892 52
4893 52
4894 52
4895 52
4896 52
4897 92
4898 93
4899 75
4900 82
4901 73
4902 71
4903 75
4904 69
4905 82
4906 78
4907 79
4908 95
4909 80
4910 53
4911 53
4912 52
4913 52
4914 52
4915 52
4916 53
4917 53
4918 53
4919 53
4920 53
4921 53
4922 53
4923 53
4924 53
4925 53
4926 68
4927 72
4928 73
4929 73
4930 79
4931 85
4932 92
4933 97
4934 81
4935 53
4936 62
4937 65
4938 65
4939 79
4940 77
4941 73
4942 78
4943 56
4944 53
4945 53
4946 53
4947 53
4948 53
4949 53
4950 53
4951 53
4952 53
4953 53
4954 53
4955 53
4956 52
4957 52
4958 53
4959 53
4960 85
4961 68
4962 61
4963 61
4964 65
4965 70
4966 72
4967 72
4968 66
4969 62
4970 61
4971 61
4972 70
4973 82
4974 52
4975 52
4976 52
4977 52
4978 52
4979 52
4980 52
4981 52
4982 52
4983 52
4984 52
4985 52
4986 52
4987 52
4988 52
4989 52
4990 52
4991 52
4992 52
4993 52
4994 52
4995 52
4996 52
4997 52
4998 52
4999 52
5000 52
5001 52
5002 52
5003 52
5004 52
5005 52
5006 52
5007 52
5008 52
5009 52
5010 52
5011 52
5012 52
5013 52
5014 52
5015 52
5016 52
5017 52
5018 52
5019 52
5020 52
5021 52
5022 52
5023 52
5024 52
5025 52
5026 52
5027 52
5028 52
5029 52
5030 52
5031 52
5032 52
5033 52
5034 52
5035 52
5036 52
5037 52
5038 52
5039 52
5040 52
5041 52
5042 52
5043 52
5044 52
5045 52
5046 52
5047 51
5048 52
5049 52
5050 52
5051 52
5052 52
5053 52
5054 51
5055 51
5056 51
5057 52
5058 52
5059 51
5060 58
5061 66
5062 70
5063 70
5064 70
5065 69
5066 60
5067 52
5068 51
5069 51
5070 51
5071 51
5072 51
5073 51
5074 51
5075 51
5076 51
5077 51
5078 51
5079 51
5080 51
5081 51
5082 51
5083 51
5084 51
5085 51
5086 51
5087 51
5088 51
5089 60
5090 77
5091 85
5092 88
5093 91
5094 86
5095 87
5096 86
5097 86
5098 84
5099 83
5100 60
5101 51
5102 51
5103 51
5104 51
5105 51
5106 51
5107 51
5108 52
5109 52
5110 52
5111 52
5112 52
5113 52
5114 52
5115 52
5116 52
5117 52
5118 52
5119 52
